101111001000000111000011
101011000110101110011001
100111011101001100111011
101101010000101100111110
000000010000110100101010
100000110011110010101001
001010011101001110101010
110100001111011100011000
010010101111101010110000
011011101001110011000000
001001100110110010001000
011110111101110000111110
100110000111110000000000
101110110111101101110011
101001011011001000101101
100000101100010110010011
110101111100010111000001
111111101100110001101101
101100101010111001100110
001001111100011000111000
001010010010000111011100
101011101110011111100010
111001000101000111001000
100110010110000010110010
101001000100110000011110
101111011110000010100100
111001110001011000010110
011000111010110010010000
010011011111100000001000
101111100000101110011100
011101011100100111101010
011111111110011001000011
101100110111000111010000
100101111000100011010000
101011110110101001100100
110000011110101111111000
101100110010110010011000
100000101000101101110110
111100100011010010010100
010011011000011101110000
001101100010011100000000
110110100011111010101000
111111000010100111101000
110000110000000010101000
110111110110000001101000
101000010000000000100000
101000011000110101111100
101001001000011001010000
001110110011100100100000
101001010011111011000000
010100001001000101000000
010100001001000101000000
101001010011111011000000
001110110011100100100000
101001001000011001010000
101000011000110101111100
101000010000000000100000
110111110110000001101000
110000110000000010101000
111111000010100111101000
110110100011111010101000
001101100010011100000000
010011011000011101110000
111100100011010010010100
100000101000101101110110
101100110010110010011000
110000011110101111111000
101011110110101001100100
100101111000100011010000
101100110111000111010000
011111111110011001000011
011101011100100111101010
101111100000101110011100
010011011111100000001000
011000111010110010010000
111001110001011000010110
101111011110000010100100
101001000100110000011110
100110010110000010110010
111001000101000111001000
101011101110011111100010
001010010010000111011100
001001111100011000111000
101100101010111001100110
111111101100110001101101
110101111100010111000001
100000101100010110010011
101001011011001000101101
101110110111101101110011
100110000111110000000000
011110111101110000111110
001001100110110010001000
011011101001110011000000
010010101111101010110000
110100001111011100011000
001010011101001110101010
100000110011110010101001
000000010000110100101010
101101010000101100111110
100111011101001100111011
101011000110101110011001
101111001000000111000011
